$ANSIBLE_VAULT;1.1;AES256
63336466316632353837616635313363663665303962333136343161306136646138303863356165
6161303434306265356163616634383061313765366563370a663832323639353834636437326434
36336539633561333534326436306436323662636633663461303832323033386438613465303330
3766393232313637380a376562656663653737376265356264343662326137363861656438646537
62393638663037333563623632643334636531386362663864316263626530383065313362623862
61336439653136666565653237653566666238396264636134616531623433353734353233616363
33323736376331653934616565343261643931653961333133653837346163396339353565633237
64643133663830656564646539316363396138316530393831616130633436633563306232323865
39356531343030656661383936353563326162393833613630626430633436313233336138376430
39396333306138383230313635663332626335623833616433353230643563346336396338326165
36653532336466613963656535306663356262623537613937303864336366323561623130366264
62633530323866633534336638636561323137346635353934616137353662623635373839616165
31393266383432363062663933656434663761643536376632613034626430386436386539383738
65613137383064313231313763616133313365643339313361643933366530396366333435653365
323639306331643963656663376234643838
